10240
2049
2050
8197
2055
8199
2056
2057
22539
2061
2063
2067
2069
2070
2073
2074
8221
2079
2083
6182
2087
2089
6191
16438
18488
16440
6201
16442
20538
2107
22588
2109
22590
8266
8270
2127
2130
2133
2145
8291
10340
10341
2151
2152
2153
18539
20588
2159
2163
2168
2170
2174
2175
2180
2189
8340
8342
2200
6296
2203
6303
22688
2209
2210
2214
6310
2220
2221
2223
2227
2240
2242
6338
2243
10436
14538
2251
12491
2252
16588
2254
18638
6351
2258
2263
6361
6362
2268
2271
2272
2273
6369
6370
6371
2275
2277
2280
2282
8430
2288
2290
10487
2297
14588
6397
6398
16638
2305
2306
2307
2308
20740
2311
6418
6420
2327
2328
2330
6426
2331
2334
2338
2340
2342
2346
2347
2349
18738
18739
2358
24895
2372
2378
24906
24907
24908
24910
6479
2384
2385
6482
6485
24918
2392
2396
6494
12639
24927
24928
12641
16738
24930
16739
24932
20838
24934
24935
6504
24937
2410
24940
24942
2416
24944
24945
24947
2420
24948
24949
24950
2423
24951
24953
2427
6524
2428
24956
24957
24960
2435
24963
24964
2438
2439
24967
2441
24969
24970
10636
24972
24973
24974
2446
6542
24975
24976
24977
24978
6547
24979
16788
24980
24981
16791
24983
20888
2457
24986
2462
2464
24997
2471
25001
25002
2474
25004
25006
25009
25012
25016
25017
2489
2490
25018
2491
25019
2492
2493
25022
2496
2497
2498
25026
25028
2501
16838
25030
2502
2503
14792
25032
14793
20938
2511
25040
2513
2514
2516
25047
2526
2527
25055
2529
25057
2531
25059
25060
25061
2538
25066
2539
25067
25069
2542
25070
2543
2544
25073
2545
25074
2547
25075
2550
14838
2551
16888
25080
2553
6649
2554
6650
2557
25085
25086
25087
2560
2561
2563
2564
25094
8712
25101
25104
25105
25110
2583
25116
25120
25121
25122
25123
2600
25128
25129
25132
14892
25133
25135
25137
25138
25140
2614
6710
25142
2615
25144
6713
25146
6715
25148
2621
25150
8767
6720
25153
25156
2631
25159
25160
25161
25162
25163
25164
25165
25168
2641
25169
2642
10836
25176
12888
12891
12892
16988
25180
25183
25184
25185
23138
25186
25187
25194
6763
25195
25198
25199
25200
25201
25202
25203
6771
25204
25206
25209
25210
25211
25213
25216
25217
2690
25218
25222
12938
25227
25229
17039
19088
25232
17040
6803
21140
25236
25237
25238
25240
25241
25242
25243
25244
25246
6815
25247
25248
25249
25250
2729
25258
25260
25264
2738
25267
25271
25272
2746
2747
25277
15038
2751
25281
25282
6852
21189
25285
6855
25288
2762
25291
25294
25295
25296
25297
2769
25298
25299
25300
25302
25304
25305
2781
25309
25310
25311
25312
25313
25315
25316
2796
8944
15088
15089
8945
6898
6901
23288
8956
2823
8967
6924
2833
6929
8981
6942
11038
13088
6945
8995
2853
23338
23341
2864
4912
9010
2869
9017
6970
2874
2880
9028
9029
2889
2890
2891
2892
2893
9037
11087
13139
9045
15191
9048
15192
2907
9058
9063
9068
2928
7031
7036
11136
7040
13188
7048
9099
7051
7052
9111
9118
9120
2979
9123
9124
7077
9125
9126
7081
9129
9131
7083
2988
9132
9136
7089
11189
13239
7096
15288
9150
9154
7107
9161
3018
3019
3020
3021
3023
9168
3024
3025
3026
3028
9176
9178
9184
7136
3046
23538
21491
9206
9210
9211
7169
9221
9224
9232
5139
5140
9236
7190
11287
11288
3098
9242
5150
15390
3103
9247
3106
21538
3107
21539
9252
21540
23588
23589
21542
21543
3111
3119
3122
7219
7226
9277
7230
7237
11340
9294
15438
17488
7252
19541
7263
9314
9315
9318
5223
9322
7277
9325
9327
7282
5235
9334
11388
9341
9347
9348
9353
9358
7311
9359
9363
9369
9371
7325
9377
9378
9386
9387
9388
9390
13490
7381
9437
13542
13546
21738
7406
7429
7430
7436
7438
9486
5392
11539
13588
13589
7470
7471
9537
7494
13639
7495
19788
23888
7530
9586
11638
15739
17789
15742
19838
7551
21891
5509
7561
7586
9636
13739
11693
15791
7603
23989
23990
7625
11739
7650
19938
21988
7656
7657
7660
7664
7680
7681
7686
7691
11788
11789
13838
11791
11792
7697
11794
11795
19991
7704
22041
5667
7715
5672
5687
9786
13888
17988
17989
20038
22089
24138
5712
7786
9836
13939
22143
22144
5767
5792
7841
7844
7845
7853
7855
7859
5824
7886
9936
11992
14041
5853
22238
24288
7914
7917
5874
5884
5889
7946
7947
18190
7976
7981
12090
5951
20288
1876
1877
1879
1880
8027
8028
1885
8030
8031
1890
1891
1892
1895
10087
1896
12138
8043
1900
14189
1902
20338
1909
24438
1912
1915
1918
1921
1922
1925
1926
8076
8077
8081
8082
8083
1941
10138
6049
16289
22438
6058
6060
1965
1966
1973
8121
1978
8122
8123
8125
8126
8127
6080
8128
8129
8130
1988
1991
1993
10186
1997
6094
12238
14288
6099
6100
8149
8150
2011
2015
24543
24544
24545
2020
2021
2030
2032
2034
2035
2037
6137
2042
6138
10236
10237
10239