1876
1877
6370
6371
1885
7190
1890
1891
1892
1895
14793
25148
1896
1900
1902
7263
1912
1915
1921
1925
1926
14588
6080
14792
1941
7981
1965
6547
1966
1973
5792
1978
1993
1991
7650
17989
2557
1997
9206
25120
2011
2015
6094
2020
25242
2021
7089
2030
25246
2070
2032
2034
2035
24895
9154
2037
6201
2042
2049
2050
9322
2055
2056
25297
2057
25241
8149
2061
2063
2067
2069
7226
2073
6901
2074
2083
25086
2087
2089
7853
12891
9363
2889
7470
9045
13188
7841
7886
2107
2109
24935
25017
2615
25312
25073
2127
2130
2133
9347
3025
5853
2290
2145
2152
2153
7859
6852
2163
2209
12238
7917
2168
2170
2174
2175
2221
7219
2435
2180
7704
2189
7686
2200
2203
2769
6524
25277
2210
2214
8126
25203
16738
2220
5712
2223
2227
7277
2240
2242
2243
9325
10636
2251
2252
2254
2258
16838
5139
6970
2268
25002
2271
2272
2273
2275
2277
2280
2282
6763
2288
2311
2297
10487
2305
2306
2308
24543
24544
25183
15089
2327
2328
25291
2330
2331
2334
2338
2340
2342
2346
2347
2349
6369
24974
7406
2358
2529
2372
2378
10836
2385
2392
2410
2416
2396
2420
2423
2427
13639
2428
2438
2439
2441
2446
2457
2462
2471
2474
25030
25282
2489
2490
2491
2492
7561
2493
2496
2497
2498
9358
2501
2502
2503
25061
8043
9369
7625
2511
2513
2514
16791
2516
6397
6361
19541
9058
7031
9120
9277
6351
9387
2464
5687
2526
8030
2527
2893
6137
7436
11288
2531
2384
25213
18738
2151
2159
8712
9252
8031
2539
2263
6296
6303
2307
9224
2542
5223
2543
6479
2544
2545
11788
5951
6715
20288
24956
5140
25104
2547
6362
25016
6420
2550
25060
7471
2551
2553
2554
2869
2079
7048
9537
7381
7107
7430
2560
2561
5767
1988
25302