1876
1877
6370
6371
1885
7190
1890
1891
1892
1895
14793
25148
1896
1900
1902
7263
1912
1915
1921
1925
1926
14588
6080
14792
1941
7981
1965
6547
1966
1973
5792
1978
1993
1991
7650
17989
2557
1997
9206
25120
2011
2015
6094
2020
25242
2021
7089
2030
25246
2070
2032
2034
2035
24895
9154
2037
6201
2042
2049
2050
9322
2055
2056
25297
2057
25241
8149
2061
2063
2067
2069
7226
2073
6901
2074
2083
25086
2087
2089
7853
12891
9363
2889
7470
9045
13188
7841
7886
2107
2109
24935
25017
2615
25312
25073
2127
2130
2133
9347
3025
5853
2290
2145
2152
2153
7859
6852
2163
2209
12238
7917
2168
2170
2174
2175
2221
7219
2435
2180
7704
2189
7686
2200
2203
2769
6524
25277
2210
2214
8126
25203
16738
2220
5712
2223
2227
7277
2240
2242
2243
9325
10636
2251
2252
2254
2258
16838
5139
6970
2268
25002
2271
2272
2273
2275
2277
2280
2282
6763
2288
2311
2297
10487
2305
2306
2308
24543
24544
25183
15089
2327
2328
25291
2330
2331
2334
2338
2340
2342
2346
2347
2349
6369
24974
7406
2358
2529
2372
2378
10836
2385
2392
2410
2416
2396
2420
2423
2427
13639
2428
2438
2439
2441
2446
2457
2462
2471
2474
25030
25282
2489
2490
2491
2492
7561
2493
2496
2497
2498
9358
2501
2502
2503
25061
8043
9369
7625
2511
2513
2514
16791
2516
6397
6361
19541
9058
7031
9120
9277
6351
9387
2464
5687
2526
8030
2527
2893
6137
7436
11288
2531
2384
25213
18738
2151
2159
8712
9252
8031
2539
2263
6296
6303
2307
9224
2542
5223
2543
6479
2544
2545
11788
5951
6715
20288
24956
5140
25104
2547
6362
25016
6420
2550
25060
7471
2551
2553
2554
2869
2079
7048
9537
7381
7107
7430
2560
2561
5767
1988
25302
2563
2564
7551
7603
7282
1922
25067
1909
25206
25004
7311
1879
8340
1880
9150
9232
9184
9131
9028
2583
2600
19088
9437
2614
2621
2631
2641
2642
8430
21543
2690
9636
7083
2729
9168
25018
2738
6099
8199
2762
2833
9161
2781
2796
2823
2853
7586
2864
2874
2880
2890
14838
2891
2892
2907
2928
5889
6100
24910
2979
2988
3018
3019
3020
3021
3023
3024
6649
3026
3028
3046
3098
3103
3106
3107
3111
3119
3122
4912
6338
5150
5235
5672
5874
5392
5509
5667
25144
5824
5884
6058
6049
6138
6060
6855
6182
6191
6942
6310
6398
6418
6426
6485
6494
13546
6504
25240
6542
13838
25271
6710
6713
6720
25121
7681
25105
6771
6803
6815
6898
6924
6929
25310
6945
7855
7036
7077
8995
7081
12491
7096
7136
7169
7230
7237
7252
7325
8028
24947
7429
7438
7530
7664
7680
7691
7697
7715
7786
7844
7845
7914
7946
7947
7976
8027
8076
8077
8081
8082
8083
8150
9219
8197
11388
8221
8266
8270
8291
8342
8767
8944
8945
8956
8967
8981
9010
25059
9017
9029
9126
9037
9048
9063
9068
9099
9111
9118
9123
9124
9125
9129
9132
23288
9136
21538
9176
9178
9210
9211
9221
9236
9242
9247
24951
9294
9314
9315
9318
9327
9334
9341
9348
9359
9371
9377
9378
9386
9486
9586
9786
9836
9936
10087
10138
10186
10236
10237
10239
10240
10340
10341
10436
11038
11136
11087
11189
11287
11340
11539
25184
11638
11739
11693
11789
11791
11792
11794
11795
11992
12090
12138
24930
12639
12641
12892
12938
13088
13139
13239
13490
14041
13542
13588
13589
13739
13888
25227
13939
18488
14189
14288
14538
15038
15088
15191
15288
15390
15438
15739
15742
16289
16438
16440
16442
16588
16638
16739
16788
16888
25281
16988
17488
17789
17988
18190
18539
18638
18739
19788
19838
19938
19991
20038
20338
20538
20588
20740
20838
20888
20938
21140
21189
21491
21539
21540
21542
21891
21988
22041
22089
22143
22144
22238
22438
22539
22588
22590
22688
23138
24934
23338
23538
23588
23341
23589
23888
23989
23990
24138
24288
24438
24907
24908
24918
24927
24928
24932
24940
24942
24944
24945
24948
24949
24950
24953
24957
24960
24963
24964
24967
24969
24970
24980
24981
24983
24986
24997
25001
25006
25009
25012
25019
25022
25026
25028
25032
25040
25047
25055
25057
25069
25070
25075
25074
25080
25085
25087
25094
25101
25110
25116
25122
25123
25132
25133
25135
25137
25138
25140
25142
25146
25150
25153
25156
25159
25160
25161
25162
25163
25164
25165
25168
25169
25176
25180
25185
25186
25187
25195
25198
25199
25200
25201
25202
25204
25209
25210
25211
25216
25217
25218
25222
25229
25232
25236
25237
25238
25243
25244
25247
25248
25249
25250
25258
25260
25264
25267
9353
9388
24545
1918
2746
2747
2751
7051
7052
7656
7657
7660
17039
17040
24972
24973
24975
24976
24977
24978
24979
25194
2538
6482
6650
7040
7494
7495
8129
9390
12888
14892
15192
15791
21738
24937
25272
8125
8121
8122
8123
8128
8130
24906
25066
25128
25129
8127
25285
25288
25294
25296
25295
25298
25299
25300
25304
25305
25309
25311
25313
25315
25316